Target:MingGong
Name:"命宫"
Input:ShengYueZhi,ShengShiZhi
Output:1,2,3,4,5,6,7,8,9,10,11,12
Data:
1,12,11,10,9,8,7,6,5,4,3,2
2,1,12,11,10,9,8,7,6,5,4,3
3,2,1,12,11,10,9,8,7,6,5,4
4,3,2,1,12,11,10,9,8,7,6,5
5,4,3,2,1,12,11,10,9,8,7,6
6,5,4,3,2,1,12,11,10,9,8,7
7,6,5,4,3,2,1,12,11,10,9,8
8,7,6,5,4,3,2,1,12,11,10,9
9,8,7,6,5,4,3,2,1,12,11,10
10,9,8,7,6,5,4,3,2,1,12,11
11,10,9,8,7,6,5,4,3,2,1,12
12,11,10,9,8,7,6,5,4,3,2,1
Target:ShenGong
Name:"身宫"
Input:ShengYueZhi,ShengShiZhi
Output:1,2,3,4,5,6,7,8,9,10,11,12
Data:
1,2,3,4,5,6,7,8,9,10,11,12
2,3,4,5,6,7,8,9,10,11,12,1
3,4,5,6,7,8,9,10,11,12,1,2
4,5,6,7,8,9,10,11,12,1,2,3
5,6,7,8,9,10,11,12,1,2,3,4
6,7,8,9,10,11,12,1,2,3,4,5
7,8,9,10,11,12,1,2,3,4,5,6
8,9,10,11,12,1,2,3,4,5,6,7
9,10,11,12,1,2,3,4,5,6,7,8
10,11,12,1,2,3,4,5,6,7,8,9
11,12,1,2,3,4,5,6,7,8,9,10
12,1,2,3,4,5,6,7,8,9,10,11
Target:WuXingJu
Name:"五行局"
Input:ShengNianGan,MingGong
Output:2,3,4,5,6
Data:
2,2,6,6,3,3,5,5,4,4,6,6
6,6,5,5,4,4,3,3,2,2,5,5
5,5,3,3,2,2,4,4,6,6,3,3
3,3,4,4,6,6,2,2,5,5,4,4
4,4,2,2,5,5,6,6,3,3,2,2
2,2,6,6,3,3,5,5,4,4,6,6
6,6,5,5,4,4,3,3,2,2,5,5
5,5,3,3,2,2,4,4,6,6,3,3
3,3,4,4,6,6,2,2,5,5,4,4
4,4,2,2,5,5,6,6,3,3,2,2
Target:ZiWei
Name:"紫微"
Tag:Star0
Input:ShengRi,WuXingJu
Output:1,2,3,4,5,6,7,8,9,10,11,12
Data:
2,5,12,7,10
3,2,5,12,7
3,3,2,5,12
4,6,3,2,5
4,3,1,3,2
5,4,6,8,3
5,7,3,1,11
6,4,4,6,8
6,5,2,3,1
7,8,7,4,6
7,5,4,9,3
8,6,5,2,4
8,9,3,7,12
9,6,8,4,9
9,7,5,5,2
10,10,6,10,7
10,7,4,3,4
11,8,9,8,5
11,11,6,5,1
12,8,7,6,10
12,9,5,11,3
1,12,10,4,8
1,9,7,9,5
2,10,8,6,6
2,1,6,7,2
3,10,11,12,11
3,11,8,5,4
4,2,9,10,9
4,11,7,7,6
5,12,12,8,7
Target:TianJi
Name:"天机"
Tag:Star0
Input:ZiWei
Output:1,2,3,4,5,6,7,8,9,10,11,12
Data:
12,1,2,3,4,5,6,7,8,9,10,11
Target:TaiYang
Name:"太阳"
Tag:Star0
Input:ZiWei
Output:1,2,3,4,5,6,7,8,9,10,11,12
Data:
10,11,12,1,2,3,4,5,6,7,8,9
Target:WuQu
Name:"武曲"
Tag:Star0
Input:ZiWei
Output:1,2,3,4,5,6,7,8,9,10,11,12
Data:
9,10,11,12,1,2,3,4,5,6,7,8
Target:TianTong
Name:"天同"
Tag:Star0
Input:ZiWei
Output:1,2,3,4,5,6,7,8,9,10,11,12
Data:
8,9,10,11,12,1,2,3,4,5,6,7
Target:LianZhen
Name:"廉贞"
Tag:Star0
Input:ZiWei
Output:1,2,3,4,5,6,7,8,9,10,11,12
Data:
5,6,7,8,9,10,11,12,1,2,3,4
Target:TianFu
Name:"天府"
Tag:Star0
Input:ZiWei
Output:1,2,3,4,5,6,7,8,9,10,11,12
Data:
5,4,3,2,1,12,11,10,9,8,7,6
Target:TaiYin
Name:"太阴"
Tag:Star0
Input:TianFu
Output:1,2,3,4,5,6,7,8,9,10,11,12
Data:
2,3,4,5,6,7,8,9,10,11,12,1
Target:TanLang
Name:"贪狼"
Tag:Star0
Input:TianFu
Output:1,2,3,4,5,6,7,8,9,10,11,12
Data:
3,4,5,6,7,8,9,10,11,12,1,2
Target:JuMen
Name:"巨门"
Tag:Star0
Input:TianFu
Output:1,2,3,4,5,6,7,8,9,10,11,12
Data:
4,5,6,7,8,9,10,11,12,1,2,3
Target:TianXiang
Name:"天相"
Tag:Star0
Input:TianFu
Output:1,2,3,4,5,6,7,8,9,10,11,12
Data:
5,6,7,8,9,10,11,12,1,2,3,4
Target:TianLiang
Name:"天梁"
Tag:Star0
Input:TianFu
Output:1,2,3,4,5,6,7,8,9,10,11,12
Data:
6,7,8,9,10,11,12,1,2,3,4,5
Target:QiSha
Name:"七杀"
Tag:Star0
Input:TianFu
Output:1,2,3,4,5,6,7,8,9,10,11,12
Data:
7,8,9,10,11,12,1,2,3,4,5,6
Target:PoJun
Name:"破军"
Tag:Star0
Input:TianFu
Output:1,2,3,4,5,6,7,8,9,10,11,12
Data:
11,12,1,2,3,4,5,6,7,8,9,10
#ShengNianGan
#ShengNianZhi
#ShengYueGan
#ShengYueZhi
#ShengRiGan
#ShengRiZhi
#ShengShiGan
#ShengShiZhi
#ShengRi
